10,197
10,115
10,19
10,251
10,279
78,3
78,2
10,193
78,1
10,261
78,0
77,3
10,2
77,2
10,3
77,1
77,0
11,27
76,3
11,7
9,7
76,2
9,5
9,2
9,3
76,1
76,0
53,4
53,3
53,2
8,6
53,1
8,17
53,0
51,5
51,4
51,3
51,2
51,1
8,14
8,2
50,4
50,3
8,3
50,2
50,1
48,3
48,1
45,3
45,1
43,3
43,1
41,4
41,3
41,1
39,4
39,3
39,2
39,1
34,3
34,1
31,3
31,1
17,3
17,2
17,1
16,3
16,2
16,1
15,3
15,2
15,1
20,2
14,2
20,1
13,2
12,3
12,2
20,3
12,1
11,29
11,26
11,25
11,24
11,23
11,22
11,21
11,20
19,2
11,19
19,1
11,18
19,3
11,17
11,16
11,15
11,14
11,13
11,12
11,10
11,8
11,6
11,5
11,4
11,3
11,2
11,1
10,304
10,303
